4
218167
0
0
erase 10,887,7767,221968,228864,229890,294400,295426,523776,524803,614400
new 8,0,158,167,168,183,375,8279,8952
new 2,8952,9976
new 2,9976,11000
new 2,11000,12024
new 2,12024,13048
new 2,13048,14072
new 2,14072,15096
new 2,15096,16120
new 2,16120,17144
new 2,17144,18168
new 2,18168,19192
new 2,19192,20216
new 2,20216,21240
new 2,21240,22264
new 2,22264,23288
new 2,23288,24312
new 2,24312,25336
new 2,25336,26360
new 2,26360,27384
new 2,27384,28408
new 2,28408,29432
new 2,29432,30456
new 2,30456,31480
new 2,31480,32504
new 4,32504,32770,32919,33677
new 2,33677,34701
new 2,34701,35725
new 2,35725,36749
new 2,36749,37773
new 2,37773,38797
new 2,38797,39821
new 2,39821,40845
new 2,40845,41869
new 2,41869,42893
new 2,42893,43917
new 2,43917,44941
new 2,44941,45965
new 2,45965,46989
new 2,46989,48013
new 2,48013,49037
new 2,49037,50061
new 2,50061,51085
new 2,51085,52109
new 2,52109,53133
new 2,53133,54157
new 2,54157,55181
new 2,55181,56205
new 2,56205,57229
new 2,57229,58253
new 2,58253,59277
new 2,59277,60301
new 2,60301,61325
new 2,61325,62349
new 2,62349,63373
new 2,63373,64397
new 2,64397,65421
new 2,65421,66445
new 2,66445,67469
new 2,67469,68493
new 2,68493,69517
new 2,69517,70541
new 2,70541,71565
new 2,71565,72589
new 2,72589,73613
new 2,73613,74637
new 2,74637,75661
new 2,75661,76685
new 2,76685,77709
new 2,77709,78733
new 2,78733,79757
new 2,79757,80781
new 2,80781,81805
new 2,81805,82829
new 2,82829,83853
new 2,83853,84877
new 2,84877,85901
new 2,85901,86925
new 2,86925,87949
new 2,87949,88973
new 2,88973,89997
new 2,89997,91021
new 2,91021,92045
new 2,92045,93069
new 2,93069,94093
new 2,94093,95117
new 2,95117,96141
new 2,96141,97165
new 2,97165,98189
new 4,98189,98306,98455,99362
new 2,99362,100386
new 2,100386,101410
new 2,101410,102434
new 2,102434,103458
new 2,103458,104482
new 2,104482,105506
new 2,105506,106530
new 2,106530,107554
new 2,107554,108578
new 2,108578,109602
new 2,109602,110626
new 2,110626,111650
new 2,111650,112674
new 2,112674,113698
new 2,113698,114722
new 2,114722,115746
new 2,115746,116770
new 2,116770,117794
new 2,117794,118818
new 2,118818,119842
new 2,119842,120866
new 2,120866,121890
new 2,121890,122914
new 2,122914,123938
new 2,123938,124962
new 2,124962,125986
new 2,125986,127010
new 2,127010,128034
new 2,128034,129058
new 2,129058,130082
new 2,130082,131106
new 2,131106,132130
new 2,132130,133154
new 2,133154,134178
new 2,134178,135202
new 2,135202,136226
new 2,136226,137250
new 2,137250,138274
new 2,138274,139298
new 2,139298,140322
new 2,140322,141346
new 2,141346,142370
new 2,142370,143394
new 2,143394,144418
new 2,144418,145442
new 2,145442,146466
new 2,146466,147490
new 2,147490,148514
new 2,148514,149538
new 2,149538,150562
new 2,150562,151586
new 2,151586,152610
new 2,152610,153634
new 2,153634,154658
new 2,154658,155682
new 2,155682,156706
new 2,156706,157730
new 2,157730,158754
new 2,158754,159778
new 2,159778,160802
new 2,160802,161826
new 2,161826,162850
new 4,162850,163842,163991,164023
new 2,164023,165047
new 2,165047,166071
new 2,166071,167095
new 2,167095,168119
new 2,168119,169143
new 2,169143,170167
new 2,170167,171191
new 2,171191,172215
new 2,172215,173239
new 2,173239,174263
new 2,174263,175287
new 2,175287,176311
new 2,176311,177335
new 2,177335,178359
new 2,178359,179383
new 2,179383,180407
new 2,180407,181431
new 2,181431,182455
new 2,182455,183479
new 2,183479,184503
new 2,184503,185527
new 2,185527,186551
new 2,186551,187575
new 2,187575,188599
new 2,188599,189623
new 2,189623,190647
new 2,190647,191671
new 2,191671,192695
new 2,192695,193719
new 2,193719,194743
new 2,194743,195767
new 2,195767,196791
new 2,196791,197815
new 2,197815,198839
new 2,198839,199863
new 2,199863,200887
new 2,200887,201911
new 2,201911,202935
new 2,202935,203959
new 2,203959,204983
new 2,204983,206007
new 2,206007,207031
new 2,207031,208055
new 2,208055,209079
new 2,209079,210103
new 2,210103,211127
new 2,211127,212151
new 2,212151,213175
new 2,213175,214199
new 2,214199,215223
new 2,215223,216247
new 2,216247,217271
new 2,217271,218295
new 2,218295,219319
new 2,219319,220343
new 2,220343,221367
new 10,221367,221456,229376,229378,294912,294914,524288,524289,524290,524291
zero 8,158,167,168,183,375,887,7767,8255
zero 12,8255,8279,32770,32919,98306,98455,163842,163991,221456,221968,228864,228905
zero 6,228905,229376,229378,229890,294400,294441
zero 6,294441,294912,294914,295426,523776,523817
zero 6,523817,524288,524289,524290,524291,524803
